0.000000000000000000e+00 0.000000000000000000e+00 0.000000000000000000e+00 0.000000000000000000e+00 0.000000000000000000e+00 0.000000000000000000e+00 0.000000000000000000e+00 0.000000000000000000e+00 0.000000000000000000e+00 0.000000000000000000e+00 0.000000000000000000e+00 0.000000000000000000e+00
0.000000000000000000e+00 0.000000000000000000e+00 0.000000000000000000e+00 0.000000000000000000e+00 0.000000000000000000e+00 0.000000000000000000e+00 0.000000000000000000e+00 0.000000000000000000e+00 0.000000000000000000e+00 0.000000000000000000e+00 0.000000000000000000e+00 0.000000000000000000e+00
-8.923278532428602361e-01 3.281901135540151171e-01 3.099068435714039671e-01 2.301578828398686272e-01 -3.025798351894781191e-01 -9.443735176941605580e-01 1.288569067402500212e-01 -1.686402313236775030e-01 3.349573788763221538e-01 2.121104531511550095e-02 9.419945041734288926e-01 -9.584298729410336559e-01
-8.134111379138041498e-01 -4.871870286934539829e-01 3.178224658368479782e-01 -4.307632908670171457e-01 5.521462672520585091e-01 -8.185742330552552293e-01 1.583373756812264110e-01 1.213506906129309809e-01 1.830213656308724568e-01 3.042778730878126781e-01 9.348358977231071565e-01 -8.942689735919402416e-01
6.912291087581784454e-01 -7.137420964389228351e-01 -1.130245060875992441e-01 1.974367644514082865e-01 -7.168193125309728631e-01 -6.970312091381670738e-01 1.782040038854187242e-02 5.251954895723940850e-03 -9.150077807318204859e-02 6.870016927457951728e-02 -9.934323803629747651e-01 9.803015561615376905e-01
-9.371293097546942175e-01 3.468891770003804664e-01 -3.816484873138098477e-02 -2.143473879711330632e-01 3.455572300882320258e-01 9.070821366470988023e-01 -2.404000792626389549e-01 1.535648404187368865e-01 -4.877353311416823822e-02 -2.384740997587231903e-01 -9.699233197587465716e-01 9.646103032090838081e-01
-6.001788744166786094e-01 7.074823689518895398e-01 3.731675445777020705e-01 -2.253157207475197654e-01 6.509478428191749488e-01 7.031365132693635500e-01 -2.861222634407621923e-01 1.517737829491313251e-01 -4.648141829086022137e-01 7.118807013555444874e-02 -8.825418029971066058e-01 9.623915756038887714e-01
7.376897216489987086e-01 -2.711743034526266083e-01 6.182866420362048698e-01 -2.270205440202771596e-01 -2.537563921499196296e-01 -9.600081153380315424e-01 -1.182882577780952349e-01 1.540350334691729939e-01 6.256369298694555159e-01 -6.963415564292803339e-02 -7.770003322723985084e-01 9.616313644307199482e-01
-7.122121395978175951e-01 4.459973873058948879e-01 -5.420702894697466689e-01 2.348673673148137797e-01 5.257182809013540847e-01 8.506097869834458036e-01 9.125755535947202568e-03 -1.970712076632039761e-02 4.651603565821397224e-01 -2.784767868320303652e-01 -8.402835960912743429e-01 9.718276334626989588e-01
-3.012420570848047818e-01 5.114648476412735345e-01 -8.047713542805834397e-01 5.661965793788462653e-01 6.040332205864494819e-01 7.554032847061177280e-01 2.539876884480222752e-01 -1.867638679516434308e-01 7.378326988357699623e-01 -4.095968592195233238e-01 -5.365009985510056367e-01 8.028329160712303070e-01
-7.801726603071765798e-01 4.587903775875105672e-01 4.252552287066350134e-01 -2.221558721146661974e-01 3.898327599888165573e-01 8.882239275759065134e-01 -2.430816194637771821e-01 1.668879716593183182e-01 -4.892453774423676238e-01 -2.386721422244916443e-02 -8.718195436766342787e-01 9.606222844596156163e-01
-7.413137074843679786e-01 3.909012823091179145e-01 -5.455732531795041140e-01 2.431392141997011369e-01 4.544705168267990647e-01 8.905250984679446979e-01 2.053285985534946886e-02 -3.263803991699078255e-02 4.938729962560856057e-01 -2.327256678747424701e-01 -8.378115701524371239e-01 9.694421493151247349e-01
-7.797508991244398446e-01 3.481623275119301586e-01 -5.203571168112364198e-01 1.661729792339721457e-01 4.102367232995258184e-01 9.119677038307949513e-01 -4.553902288780133784e-03 -1.082564528416794791e-02 4.729633877702319467e-01 -2.170205079504305412e-01 -8.539366094493441306e-01 9.860371932014974083e-01
-9.077094530600811062e-01 -3.304556368844788899e-02 4.182959951348833583e-01 -2.133476636434691598e-01 9.797276474374935762e-03 -9.982913679854168443e-01 -5.760519056029966833e-02 1.438976300840413003e-01 4.194848771994694747e-01 -4.819061450445141781e-02 9.064822681523501124e-01 9.663209852187156779e-01
-4.217161748399395615e-01 -4.869505447520813823e-02 9.054193832407310127e-01 -9.643950334091971888e-01 4.128627492913275465e-02 9.964899775801974169e-01 7.282285413724140510e-02 -2.093100083646301235e-01 -9.057874537554851946e-01 6.809196907032680213e-02 -4.182255042047058335e-01 1.616525283875013264e-01
9.917712951418595768e-01 -8.901022432058194878e-02 -9.201564051311142411e-02 3.554509455383036420e-01 9.414696572461001001e-02 9.941427390803065922e-01 5.307130277987674727e-02 -1.800212282633741334e-01 8.675279233251206867e-02 -6.129758804637983061e-02 9.943422744318021200e-01 -9.171951715368285019e-01
8.859991501332412644e-01 -4.582722572324010590e-01 7.065439982261681462e-02 2.228163803042060853e-01 -4.623921817625779584e-01 -8.845868938261272074e-01 6.082349476877091377e-02 -4.222348273844765687e-02 3.462623583379004222e-02 -8.655960675837003071e-02 -9.956447450119039200e-01 9.739456032928982543e-01
-9.296979568774794700e-01 3.672270951709725173e-01 -2.838960285262109862e-02 -2.731590052150398851e-01 3.654314713553407645e-01 9.100167546933256579e-01 -1.957788188760424819e-01 1.506241284949734194e-01 -4.606027269687867909e-02 -1.923896222505702691e-01 -9.802370552725356845e-01 9.501034310984565190e-01
7.660116501694951285e-01 -2.967480629243162693e-01 5.702339335354169592e-01 -2.567573953163391209e-01 -2.989447082023939384e-01 -9.497600184841333837e-01 -9.267129397393772394e-02 1.461510771969056766e-01 5.690854182303320963e-01 -9.948112604752915034e-02 -8.162385021045766020e-01 9.553614512761927635e-01
-2.194982538172008668e-01 2.019043595510928435e-01 9.544920880580745060e-01 -2.731488698247741542e-01 -3.036962533261980401e-02 9.764630804734798497e-01 -2.135358010484383617e-01 1.484341949463572896e-01 -9.751400937446658146e-01 -7.585830255486299134e-02 -2.082001813283045344e-01 9.504509375470546750e-01
-2.521414189702929076e-01 2.997982147204232839e-01 9.200792005529163653e-01 -3.681168250178122880e-01 1.906655520132587434e-01 9.475519704243550168e-01 -2.564993384404763432e-01 1.518367972252839815e-01 -9.487209031718059071e-01 1.107533015100158058e-01 -2.960782904731528165e-01 9.172979832896033248e-01
9.505216019588392795e-01 -7.112661511611938214e-02 3.024064960144297043e-01 -2.703100835997900298e-01 8.012743660206057827e-02 9.966319424870789812e-01 -1.744606310932428350e-02 1.645646974703844356e-01 -3.001470941275038440e-01 4.081391719199725654e-02 9.530193838796037209e-01 9.486047222372209209e-01
9.784546694942796163e-01 -1.819979840450288155e-01 9.748432462906775342e-02 -2.895099638733973912e-01 1.819074357286269428e-01 9.832659099612589548e-01 9.891164476066138800e-03 1.546338710810543637e-01 -9.765318515786100551e-02 8.055067448667685426e-03 9.951879075415467346e-01 9.446016868143481959e-01
9.994851156629701583e-01 -3.192919765470769722e-02 3.167002574388191882e-03 -1.158776055855034737e-01 3.188132712136523828e-02 9.993913237081645251e-01 1.416202943870559228e-02 1.428309298206054678e-01 -3.617257132147388976e-03 -1.405376938649868790e-02 9.998946979641760713e-01 9.829403369535467672e-01
-6.556660718600076931e-01 5.173148552806344780e-01 5.499884932593082087e-01 -2.523498431065781533e-01 4.274058504335200293e-01 8.547636804405949196e-01 -2.944542232925981828e-01 1.488534549414297359e-01 -6.224357326076859209e-01 4.200465576129798484e-02 -7.815429403862007574e-01 9.561183010674386695e-01
-8.730607929245573495e-02 -6.753182654747872382e-01 -7.323406917785626469e-01 7.700796911634137931e-01 1.908655664777012262e-01 7.101884688976222160e-01 -6.776449469877251497e-01 5.765696418838929249e-01 9.777259248131479064e-01 -1.989411444648304939e-01 6.689123251441875251e-02 2.730287847746840080e-01
-5.520627925928069946e-01 7.395901801032548351e-01 3.850104395071197727e-01 -8.977910191132128237e-02 6.218495843417365387e-01 6.728123997231466591e-01 -4.007824462632955109e-01 1.713476982364318946e-01 -5.554545593373408918e-01 1.816150526844056284e-02 -8.313485383626676439e-01 9.811114509417739882e-01
-5.051204117755140333e-01 -8.630262666495367441e-01 -6.247614000291917824e-03 -1.204353801645445671e-01 8.584778354344373419e-01 -5.016878711720809125e-01 -1.064193872686280129e-01 1.875468765261261161e-01 8.870837432586409221e-02 -5.911804286162744559e-02 9.943017053855801590e-01 9.748443405538730344e-01
9.954030176929170581e-01 9.205247561447947591e-02 2.644190048160389994e-02 7.202455831549155196e-02 -9.169405801119079324e-02 9.956821684537233708e-01 -1.446440972635082423e-02 -1.586440548511933724e-01 -2.765921353317367382e-02 1.197335193406987019e-02 9.995457001809315845e-01 -9.847052994981948526e-01
-9.598362078752717963e-01 -1.476387291523257039e-01 -2.385733843200115722e-01 -1.367323557321041272e-01 1.103207821058635463e-01 -9.804556442273087979e-01 1.628989095677535193e-01 1.353127747923589808e-01 -2.579608092078490844e-01 1.300366692787028322e-01 9.573644476142472159e-01 9.813229416832878194e-01
-2.836972596285405324e-01 9.508606163045537629e-01 1.240159394601384468e-01 -2.592133516856490738e-01 9.559590133684885416e-01 2.905929577160708543e-01 -4.120798084560031715e-02 1.515637772685965445e-01 -7.522120471517260154e-02 1.068635638875581190e-01 -9.914242023848558460e-01 9.538536888474915543e-01
6.537769193390197131e-02 9.756352228998133036e-01 2.094317770411818491e-01 -1.614143522014622745e-01 9.408669488728249597e-01 9.645052985561210213e-03 -3.386389780749498590e-01 1.100181009003676352e-01 -3.324080954431411494e-01 2.191868718471462196e-01 -9.173123640798298561e-01 9.807351448671852712e-01
8.829313131709733975e-01 -2.884811469789560490e-01 3.704199293503067092e-01 -1.620742882185324807e-01 -2.712434236668899157e-01 -9.573974320226666945e-01 -9.908159402162991514e-02 1.597478663844306979e-01 3.832222610178656064e-01 -1.299172791083297307e-02 -9.235647858522141318e-01 9.737620573241072552e-01
3.276415421450616372e-01 9.407693673752388630e-01 -8.720101644590223799e-02 3.822802642806447104e-02 9.200203667971644794e-01 -2.966855946940127331e-01 2.560081689701932950e-01 -3.140239640029784257e-02 2.149733577428079301e-01 -1.641056224187725510e-01 -9.627335042218746475e-01 9.987755040527045436e-01
-1.193165239529484500e-01 -9.916207683131674777e-01 -4.951584556269747472e-02 -1.893478312095692728e-01 9.134530585753435350e-01 -1.291804560752249365e-01 3.858962549022032507e-01 1.641968977768876736e-01 -3.890592202880376882e-01 8.133991642026994207e-04 9.212123867440473735e-01 9.680840756755990650e-01
-9.086566202201157294e-01 -3.130566174765077592e-01 -2.762945905810022529e-01 -2.174599943385085166e-01 2.485228849266658269e-01 -9.372311678816567238e-01 2.446101257489420311e-01 1.247679965514013750e-01 -3.355287203770840332e-01 1.536010813938284980e-01 9.294230390929435481e-01 9.680620320510693322e-01
-4.976990010644035123e-01 -8.617764627627220175e-01 9.816838884114231778e-02 -1.199797399243800605e-01 -8.214890712283000607e-01 4.320384227933936061e-01 -3.721538755443262181e-01 1.016644311453015759e-01 2.783009345869319473e-01 -2.658648706737459233e-01 -9.229650374470704799e-01 9.875571909755809230e-01
-7.233248880101236788e-02 9.959506620941521726e-01 5.338810483685951791e-02 -1.890259000484753316e-01 9.659976758298451927e-01 5.663403143194586237e-02 2.522718311169578898e-01 -9.561014330551512869e-03 2.482267136212156222e-01 6.982023458844464903e-02 -9.661825052684538395e-01 9.819255552819852184e-01
5.306919828149204710e-01 -6.349771414601994568e-01 5.614000794433529062e-01 -2.576194719251256315e-01 -6.409776078331803628e-01 -7.340453571999226989e-01 -2.243326098223156762e-01 1.690127535059897657e-01 5.545392011683397682e-01 -2.407933624423063412e-01 -7.965581152504233042e-01 9.513500390693967468e-01
-9.942554024801749657e-01 3.511654894913618374e-02 1.011089641371512582e-01 -2.717789539699192458e-01 -2.256107738062135271e-02 -9.921818783695541821e-01 1.227441160401946119e-01 1.654758464145995311e-01 1.046288317167424764e-01 1.197578733318440392e-01 9.872744599900392659e-01 9.480263416342334937e-01
9.136976121990818545e-01 -2.710664741405003353e-01 3.027864595036137141e-01 5.364366102434038608e-02 3.059821451129903780e-01 9.491888788109027475e-01 -7.358939606868486472e-02 4.339919201037981816e-02 -2.674539218888895009e-01 1.598857058612139503e-01 9.502131133211714209e-01 -9.976165935692689057e-01
7.414278619587616470e-01 -6.710325814815871759e-01 1.007060003499482548e-05 -3.303023156080948097e-01 6.470151710809907142e-01 7.148948624244189087e-01 2.651352561810801367e-01 1.155160476877861719e-01 -1.779215948171986306e-01 -1.965721502892225914e-01 9.642112298808680482e-01 9.367798156613558191e-01
-1.162309202333589864e-01 8.241920303052898689e-01 -5.542543372522670264e-01 -3.325398717272125548e-01 -9.364809613432236723e-01 -2.768537810129542698e-01 -2.153030259436757299e-01 1.192139228496764958e-01 -3.308984469945105422e-01 4.940237657441959307e-01 8.040191146089415986e-01 9.355240639932467239e-01
-9.523815564428630420e-01 -2.565252014585028273e-01 -1.648156302179629717e-01 -2.038730388575465957e-01 -1.472656683805111388e-01 8.603062290711374072e-01 -4.880430463984102296e-01 2.349110117728352431e-01 2.669872541225727924e-01 -4.405315121964307190e-01 -8.571171407094917427e-01 9.503960230213783777e-01
2.681768243543469765e-01 -9.511671793797756846e-01 -1.528469422328677385e-01 -3.343731812677481208e-01 8.985390269185702383e-01 1.897423972415122062e-01 3.957593205387273105e-01 1.778027226142810946e-01 -3.474317313997785095e-01 -2.434724205321098511e-01 9.055453453343943471e-01 9.255164868762925101e-01
-9.679768356620270797e-01 2.382583378466885393e-01 -7.908103482038025822e-02 -3.675000713825452014e-01 2.488129991943140995e-01 9.524083766554790609e-01 -1.760976306155349058e-01 7.622127150229325576e-02 3.336071122831635316e-02 -1.901348167038546810e-01 -9.811910183156653531e-01 9.268948242947512295e-01
8.728547959256629518e-01 -4.767744342428262283e-01 -1.039742472057472999e-01 -1.707243883787276095e-01 -4.750664219263081578e-01 -8.789362498089965392e-01 4.222515281005150001e-02 -3.466166252905803630e-02 -1.115186082575622684e-01 1.253824645356832468e-02 -9.936832455003786757e-01 9.847089683573675423e-01
7.010962050427017589e-01 -6.417313596983093005e-01 -3.108777464767792376e-01 1.217703741794778916e-01 -6.254705881343676221e-01 -7.628055714217735206e-01 1.640554893526869340e-01 -1.517969367453513019e-01 -3.424188292918041165e-01 7.942620592512555922e-02 -9.361841822840043514e-01 9.808820856590857451e-01
-5.376798719299621387e-01 7.872889405125980122e-01 3.017887994408183228e-01 -2.505727350687477761e-01 8.246351269254471594e-01 5.656290925731060071e-01 -6.374721607711911903e-03 1.657880230455906212e-02 -1.757192725970355418e-01 2.454380854339337226e-01 -9.533534934411757034e-01 9.679558087817405898e-01
-4.008711226527281180e-01 8.373463042788451549e-01 3.716900721484248660e-01 -1.991483304862723680e-01 9.044302880020570479e-01 4.263601594018839869e-01 1.492878492431749804e-02 -9.405247602928185069e-02 -1.459732755255491732e-01 3.421522777731573761e-01 -9.282368348902031441e-01 9.754455772708654493e-01
-9.721324935733655082e-01 2.344071956520164812e-01 -3.417830508862212957e-03 1.627449810837987010e-01 2.322055973664797768e-01 9.607927864282421737e-01 -1.515182566528872621e-01 4.877740497309251272e-02 -3.223314273393562690e-02 -1.480894600368680980e-01 -9.884485501711672839e-01 9.854617374084723158e-01
-6.957230081449033987e-01 6.269587489156793758e-01 3.505598709149303494e-01 -7.821582493259676694e-02 6.627910415442640479e-01 7.484455775988384518e-01 -2.317871052087173978e-02 6.618592080766088660e-03 -2.769070804195436497e-01 2.162219797588289250e-01 -9.362534508789258636e-01 9.969144792653891196e-01
-2.911050048437039961e-01 -8.757145451610593989e-01 -3.852037273291959996e-01 -3.838010960526426207e-01 8.870598623536668503e-01 -3.978705626188006050e-01 2.341448611490170029e-01 1.819861390843498794e-01 -3.583052842982372699e-01 -2.735380244038430053e-01 8.926333359499865061e-01 9.053053428815945880e-01
-4.029352080522968782e-01 9.026163670193818600e-01 1.514163534780318399e-01 -2.822214936452209222e-01 7.837996186223995521e-01 2.548976182796421353e-01 5.662908811227206352e-01 -2.726060127587823234e-01 4.725477499250556046e-01 3.468586141125777345e-01 -8.101775890856701690e-01 9.198026909791138239e-01
9.947240890152501125e-01 9.594391870188363758e-02 -3.631461409552488862e-02 2.394277969783053794e-01 -9.423920177017762467e-02 9.944835205348978580e-01 4.605974635444103071e-02 -6.445104801623953439e-02 4.053343783224380714e-02 -4.239447898774045820e-02 9.982783923179233687e-01 9.687726216423149239e-01
9.888212957246634849e-01 -1.442302895899699455e-01 -3.781624897039495559e-02 -3.229703906831011273e-01 1.367668893348492343e-01 7.763195476496830283e-01 6.153233116977292472e-01 -1.662200231351246837e-01 -5.939076614311833424e-02 -6.136168051005325141e-01 7.873672290584288191e-01 9.316979288648030710e-01
9.971967815147546599e-01 4.520155418156673183e-02 -5.962716189947396550e-02 -7.190852055161673154e-03 4.851328098367749947e-02 -9.972897147783800209e-01 5.531443180089733874e-02 -4.950883868497214096e-02 -5.696525699769990764e-02 -5.805208262266062930e-02 -9.966869695136771901e-01 9.987477992660539483e-01
3.649584843735864115e-01 8.897955669399607581e-01 -2.739875065358460815e-01 -4.045374258683708812e-01 -9.205176572231943410e-01 3.889468139972974137e-01 3.698132801390827118e-02 -8.465450786113294657e-02 1.394723894685097054e-01 2.387136882027232898e-01 9.610219704255450468e-01 9.105949073932829707e-01
-7.492640427644485790e-01 1.887561232678113265e-01 -6.348027411323780012e-01 -3.765480639190200152e-01 -6.986910402932383635e-02 -9.757038013050383096e-01 -2.076545217928998377e-01 -1.866177915782684937e-01 -6.585755101143784263e-01 -1.112349677385888330e-01 7.442479959192241923e-01 9.074058383244444359e-01
-5.142836609545136106e-01 -7.778327642301835487e-01 -3.612319296037569405e-01 3.971923931292268284e-01 8.443588663996777210e-01 -3.854409394163569313e-01 -3.721469964329797708e-01 1.910110791080304182e-01 1.502345526417694366e-01 -4.963985023263758345e-01 8.549959684587165043e-01 -8.976374382222832571e-01
7.701983476708642584e-01 -1.411394614960595484e-01 -6.219920880957190423e-01 5.166375202769676322e-01 -2.039991829125006872e-01 -9.784935681790646322e-01 -3.057237974438162253e-02 -1.741096303143479518e-01 -6.043002884461520230e-01 1.504326741130559419e-01 -7.824264642399900715e-01 8.383146839187936017e-01
-8.847675287894041229e-01 -4.522486479972576134e-01 1.125059126648167845e-01 1.406583661436640598e-01 4.074985195603046395e-01 -8.678926754433318180e-01 -2.840902329682868377e-01 -4.731300414463751602e-02 2.261224813149952384e-01 -2.055078205238633771e-01 9.521739122384530463e-01 9.889270466887860600e-01
9.964616497366838299e-01 -6.741618094180509835e-02 -5.019202278518111737e-02 1.531383603240389635e-01 6.197123884532324684e-02 9.927388216835162371e-01 -1.030979993908669873e-01 -7.372382741082791902e-02 5.677804293934574087e-02 9.962274072542463832e-02 9.934040282635924202e-01 9.854508815101659103e-01
-8.087880003919590832e-01 -5.427472734865376180e-01 2.264671445152835472e-01 -3.304021217022249934e-01 4.288445219985695389e-01 -8.077997773059966136e-01 -4.044154988822762364e-01 1.659131209752240099e-01 4.024355182806242381e-01 -2.299672083304749870e-01 8.860929616687478472e-01 -9.291433012527877677e-01
-8.037932431426147994e-01 5.767496284614779256e-01 -1.458639377907503254e-01 6.116265655291238529e-02 4.718067649879499337e-01 7.673590572656902031e-01 4.342331789993905677e-01 -2.570501701268737005e-01 3.623738384457172446e-01 2.802141026105914867e-01 -8.889124017068605887e-01 9.644606469323339093e-01
-9.457981838635909355e-01 -2.967491949870776913e-01 -1.319307040641155004e-01 1.385403019473913956e-02 -3.233394011974069504e-01 8.225789921606444510e-01 4.677771192451395388e-01 -2.471439345614828975e-01 -3.028905798526564802e-02 4.850811446866390431e-01 -8.739444238828150135e-01 9.688797352906256544e-01
-9.970224138279638604e-01 -7.029180145678848302e-02 -3.170755387316529644e-02 2.296075857924257529e-02 7.680422154402474777e-02 -8.684873345579563475e-01 -4.897252916334143280e-01 -2.409014588708073001e-01 6.886064019205620501e-03 -4.907023663692443582e-01 8.713000457718038660e-01 9.702779450649090531e-01
-8.142465505697450423e-01 4.148765980348034232e-01 -4.060541383711527841e-01 4.830875411684539267e-01 -3.395997203960032795e-02 -7.323108354126796060e-01 -6.801231951905866158e-01 4.814742134586679767e-01 -5.795250427585867392e-01 -5.399983784607609305e-01 6.103707693487688823e-01 -7.313063717363430527e-01
8.956037728335795034e-01 -4.357526018725965122e-01 8.951844529213315305e-02 -5.200093486086561079e-01 4.278611576726502608e-01 8.988593142186709350e-01 9.479853900435297742e-02 -6.371554191334330430e-02 -1.217731983700755527e-01 -4.660046355566169196e-02 9.914634057569242653e-01 -8.517808445124193106e-01
9.797848664901537274e-01 -1.485182406293429902e-01 1.340296519328376956e-01 -2.401056461123810687e-02 -1.704121493952974742e-01 -9.705476738631259037e-01 1.702847970235425723e-01 -2.486242292270607335e-01 1.047917684522390452e-01 -1.896827481855929420e-01 -9.762372356683662877e-01 9.683023729333206653e-01
-3.992542822126355362e-01 8.691608411849641724e-01 -2.918140680048144642e-01 3.874766721667109448e-01 8.547138962996831957e-01 4.680129277169299273e-01 2.245619178802190086e-01 -2.133502854160381490e-01 3.317531817588000309e-01 -1.597602317238963343e-01 -9.297400146021680412e-01 8.968519856919013877e-01
-4.601918286625986121e-01 -5.232154119696474925e-01 7.172650232024460060e-01 -6.543575262534233328e-02 -1.196299986530286186e-01 8.370707445829009830e-01 5.338550664606492857e-01 -2.608201850903339447e-01 -8.797227655656353340e-01 1.598693255157461468e-01 -4.478053756987411815e-01 9.631671679037855371e-01
1.761537938817462901e-01 -9.365886614985272640e-01 3.029381455899279318e-01 4.603786139512381914e-01 8.340229304077102501e-01 -2.145791318999657610e-02 -5.513123520434368707e-01 -1.032054810509415305e-01 5.228533182979744343e-01 3.497731223435094905e-01 7.773565272324338693e-01 8.817029888218484990e-01
9.379872205835030341e-01 3.376094816837302837e-01 7.873888429027853242e-02 -4.353030329498027151e-01 -3.459679907930828802e-01 9.260686300671790994e-01 1.506752858039283605e-01 1.212218829650023588e-01 -2.204820556490427741e-02 -1.685726261370484313e-01 9.854426144370997953e-01 -8.920854917524004835e-01
9.207081450111802567e-01 -6.193702399561057392e-02 -3.853054849968246542e-01 4.096295071611885108e-01 -6.011843591601814807e-02 -9.980502322508967294e-01 1.677818723652685362e-02 -1.189077258877839910e-01 -3.855934197740959468e-01 7.716149460680651884e-03 -9.226365349716092457e-01 9.044692474523816639e-01
-9.649141572665483890e-01 2.625654718829305567e-01 2.051377134015264225e-04 4.243544775056402041e-01 2.588244642078214586e-01 9.510341556238118832e-01 1.689494941230579306e-01 -1.297348978424568422e-01 4.416521067675183154e-02 1.630748534011204343e-01 -9.856246883850267038e-01 8.961540792200425321e-01
-9.833970858481364541e-01 -2.653051178618319461e-02 1.795168612965256649e-01 4.116750831978841507e-01 -7.562822513248974865e-03 -9.824036018650698088e-01 -1.866171663008801274e-01 -1.306443648190990792e-01 1.813090600632685512e-01 -1.848764316696437371e-01 9.658921936489981430e-01 9.019177766376652583e-01
-6.752922502989128217e-01 6.360020982873354489e-01 3.734724992021994927e-01 4.204009760654502104e-02 6.168625719111188177e-01 7.646060701625821965e-01 -1.867033070026668240e-01 1.692726701701607276e-03 -4.043030349396726231e-01 1.043019100718624581e-01 -9.086584438026925614e-01 9.991144903711213221e-01
6.481619903210975586e-01 -8.778827610778103252e-02 -7.564253121630830634e-01 3.802201934124725402e-01 -2.566013903717382361e-01 -9.604178730598381675e-01 -1.084123404714951999e-01 6.100624331098457309e-02 -7.169670569574898567e-01 2.643685451887957116e-01 -6.450329538500146898e-01 9.228818141010596277e-01
1.571112173752696184e-01 8.728867570834304423e-01 -4.619358988899140428e-01 4.475588741333507703e-01 8.851876027491055732e-01 -3.318698296181561980e-01 -3.260449725551795574e-01 -1.526778218244690954e-01 -4.379029268161523381e-01 -3.576746084048856300e-01 -8.248090089155545312e-01 8.811245864844671205e-01
-6.177953953694107492e-01 6.645397691314065547e-01 -4.203757184985003614e-01 4.475104055038270912e-01 6.821361766463102105e-01 7.188599733264521285e-01 1.339050979591362711e-01 -1.623307876290722152e-01 3.911765406702029657e-01 -2.040275324358685194e-01 -8.974149987811790297e-01 8.794220558716532299e-01
-7.805963258253997283e-01 5.950906469745046445e-01 1.911452274877719626e-01 -1.752123282591914327e-02 -6.243977964830276228e-01 -7.562512778563094118e-01 -1.954773554349423792e-01 -1.158291493613455847e-01 2.822707662911863591e-02 -2.719395642861940909e-01 9.619002575739381555e-01 9.931146029328573599e-01
7.596013390532110332e-01 -3.209626163909022334e-01 -5.656755294230748632e-01 1.844006437725990710e-01 -1.268665236718933831e-01 -9.261631838878375822e-01 3.551431288679981479e-01 -2.257499881595392832e-01 -6.378955172126371531e-01 -1.980019082995145563e-01 -7.442342060331362807e-01 9.565737532580637081e-01
9.999507238064309078e-01 3.015540668526786594e-03 -9.458143235904326040e-03 4.729438805158966419e-01 -3.015416079779134617e-03 9.999954532463093404e-01 2.743308564462365595e-05 -1.935827237167087878e-01 9.458182957642280453e-03 1.088503351759362303e-06 9.999552703866082526e-01 8.595637352523578523e-01
3.624897669053583904e-01 1.244425879954139391e-01 9.236423610802518835e-01 -9.934344117471204383e-01 -4.694087935090829333e-02 9.922255585816673884e-01 -1.152605515476187170e-01 6.539120561344494154e-02 -9.308048789809078016e-01 -1.575814170976868982e-03 3.655130559570152204e-01 9.387257205953661310e-02
9.983510272152329446e-01 1.529262037205774728e-02 -5.532957816977435161e-02 2.322300280239128489e-01 -1.487226560794308733e-02 9.998573888392282560e-01 8.001106128965460723e-03 6.075630231411786701e-03 5.544404543299313870e-02 -7.165036340194851083e-03 9.984360871283990413e-01 -9.726419180774104056e-01
-5.692503135320993446e-02 -9.561201375604723163e-01 -2.873914114179123569e-01 1.778846361007838384e-01 -9.686906428389647772e-01 -1.678136134366161117e-02 2.477030972508966200e-01 -1.867118507122693949e-01 -2.416567385397500045e-01 2.924938776501077031e-01 -9.252293511640957702e-01 9.661758333982954916e-01
9.996190653566785489e-01 -1.876592319675952220e-03 2.753547850875426306e-02 -1.353810467966376774e-01 2.243314196715053260e-03 9.999091234959911478e-01 -1.329331752773935116e-02 -1.917198769554843973e-02 -2.750803004315552358e-02 1.335002437242041942e-02 9.995324332568705783e-01 9.906080996317605525e-01
-7.672132017333802567e-01 -3.127363604613389025e-01 -5.599820282218093137e-01 1.633238286697063224e-01 2.705058542204544225e-01 -9.493962890403714328e-01 1.596034748645324131e-01 -1.739547834489329203e-01 -5.815586693692027520e-01 -2.902852393365254469e-02 8.129863829608436898e-01 9.711153692038361207e-01
9.951263072794678255e-01 -2.643394798158485437e-02 -9.499936291595229010e-02 5.756544262083681529e-01 3.098711287339850351e-02 9.984246137938549426e-01 4.677701792935046177e-02 -2.158311176033217982e-01 9.361320097134384621e-02 -4.949279709915749281e-02 9.943777107514026881e-01 -7.886944340242395546e-01
2.386574102646992213e-01 8.818868850181879049e-01 4.065933626593828398e-01 -4.242152758144336899e-01 9.439894588839156109e-01 -1.124321657717604478e-01 -3.102304137506886050e-01 1.441201453759881068e-01 -2.278739608682803508e-01 4.578586355337077030e-01 -8.593246928986808530e-01 8.940194536264229885e-01
-9.419984800298409899e-01 -2.340898451277854606e-02 3.347997656294733893e-01 -1.206041707006443031e-01 -8.898690377551587982e-02 -9.444396321007434425e-01 -3.164097221544545091e-01 1.424749053217081451e-01 3.236049977641209940e-01 -3.278502718642953839e-01 8.875776048665212636e-01 -9.824232974452408174e-01
-3.112311969817103119e-01 9.446232000137038121e-01 -1.040295728204337078e-01 1.873675881827662482e-01 9.434206106213440801e-01 2.939301805499523468e-01 -1.535011414183057310e-01 -3.950005924389633771e-02 -1.144233082906715576e-01 -1.459179870946092639e-01 -9.826572380856285482e-01 9.814953551689901134e-01
8.515608231752829216e-01 -3.576587645905238699e-01 -3.833071517003230344e-01 1.783666481531070158e-01 -3.336240893537726349e-01 -9.336948814417738163e-01 1.300339777608062186e-01 -7.022268911479988274e-02 -4.043997174033388542e-01 1.714865828605885434e-02 -9.144215614710140549e-01 9.814550997167990065e-01
7.640206852801280368e-02 9.939078610924513280e-01 -7.943480083231257982e-02 2.284343769186432116e-01 9.855719945869726439e-01 -8.734804844253440947e-02 -1.449764184932745281e-01 -2.916070519096188030e-02 -1.510316768446185454e-01 -6.721221683525221979e-02 -9.862413246754537788e-01 9.731224941982161702e-01
4.793293596011476421e-01 -8.774569316033540289e-01 -1.768327474146985656e-02 -1.482104649892727333e-01 8.161539950635751106e-01 4.530689217846768369e-01 -3.586379908133471295e-01 1.615353034576322844e-01 3.227011331962122975e-01 1.574734431391463518e-01 9.333092163585349210e-01 -9.756741278749345714e-01
-8.208385273684632999e-01 -2.700885209845370616e-01 5.032656384256299908e-01 -2.761899444800910985e-01 1.130740653915614236e-01 -9.405329734300710287e-01 -3.203310500507468572e-01 2.356077974640400641e-01 5.598556668672728387e-01 -2.060337756853831692e-01 8.025657079351371515e-01 -9.317768404195438947e-01
9.670671440647344852e-01 -2.536006142063062518e-01 -2.163024143790398535e-02 -2.666005634990581408e-01 2.418675997137688383e-01 9.421265040285028425e-01 -2.321588133492491490e-01 1.953562396277932489e-01 7.925404140596153946e-02 2.192815060173011199e-01 9.724373594425538281e-01 -9.438008683935785736e-01
4.082079990986293705e-01 8.231599176626624992e-01 3.946821245325055072e-01 -4.302065291113887913e-01 8.823237038745941341e-01 -2.448217464639372565e-01 -4.019542188351369338e-01 8.996517786164172359e-02 -2.342458346543462300e-01 5.123183213705579941e-01 -8.262317026931018660e-01 8.982363881975917730e-01
6.334744883776723956e-01 5.855527617783362615e-01 -5.058043453237717202e-01 3.013307003271499807e-01 5.818975162534901768e-01 -7.913808874205727761e-01 -1.873808197320254998e-01 -5.971772354329095422e-02 -5.100052481618841949e-01 -1.756253233425913995e-01 -8.420513004848012573e-01 9.516478353546319324e-01
-3.849063300829069778e-01 9.207343573527173586e-01 -6.399500177660003009e-02 2.442268384610657428e-01 9.192066819692391588e-01 3.761771323193594529e-01 -1.164037840582721750e-01 -1.809891777501977661e-01 -8.310350705722396869e-02 -1.036291865753169450e-01 -9.911381330594279948e-01 9.526784184144300172e-01
1.054975944264170129e-01 9.364306942976265979e-01 -3.346159176541120273e-01 3.398074274017682805e-01 9.197592251859113555e-01 -2.198082654052492813e-01 -3.251573375228479224e-01 -4.657772822185642092e-02 -3.780386557690247340e-01 -2.734627602376600852e-01 -8.844800130627875623e-01 9.393409538161757721e-01
-4.216602319631240769e-02 -8.881229250926538921e-01 -4.576676702725208656e-01 3.557693149894052831e-01 -8.951666879058965964e-01 -1.698613279969314327e-01 4.120967484883930609e-01 -6.515748385567537992e-02 -4.437326079424354641e-01 4.270653336153469870e-01 -7.878556806120124989e-01 9.322996818671380748e-01
-8.705487055135019414e-01 4.920783946823361621e-01 1.950593658500698879e-03 3.743116348350286615e-01 4.911518085125480271e-01 8.691394549040405426e-01 -5.802162462358728678e-02 -7.590807330948734499e-02 -3.024652581072473367e-02 -4.955261260480851859e-02 -9.983134208556042610e-01 9.241908701310405094e-01
1.739660062003779983e-01 8.970008774572999499e-01 -4.063560686485729323e-01 3.562109391744721631e-01 9.298243280130962241e-01 -2.855140540683726025e-01 -2.321819199774954601e-01 -1.965488652386452872e-01 -3.242877545046738419e-01 -3.374479971347824625e-01 -8.837229778092454691e-01 9.135000330519102985e-01
9.959252221143487516e-01 -8.759804428172550395e-02 -2.143675802219319193e-02 4.188475837135292035e-01 8.654140276395261289e-02 9.951830461484669765e-01 -4.605746699836320290e-02 -7.088590424422189229e-02 2.536804218170063407e-02 4.401462594041713472e-02 9.987087539113654877e-01 9.052855296517320349e-01
9.825135820148247490e-01 -1.823003663264009255e-01 3.786340705295487830e-02 4.394341323773051644e-01 1.857782634886193940e-01 9.733830927914501885e-01 -1.342080157177814037e-01 -6.446139589021981919e-02 -1.238942983153623612e-02 1.388953962700383848e-01 9.902295546606545429e-01 8.959589118601865021e-01
7.240052068820873599e-01 -6.878919370322592597e-01 5.119710317618048068e-02 -4.621857793655689273e-01 6.820756434042173355e-01 7.028566100242489290e-01 -2.019044388317006999e-01 6.253717873543948591e-02 1.029042131418780315e-01 1.811001620960825675e-01 9.780661808929003165e-01 -8.845752690574463228e-01
3.869404508723808811e-02 8.570893199520843719e-01 5.137126322165541659e-01 -4.776853783616167859e-01 -9.901264291166164133e-01 -3.643072596487097192e-02 1.353604690094199481e-01 7.339584203111497451e-02 1.347309364606527893e-01 -5.138780982195545466e-01 8.472171356451009272e-01 -8.754597247572629692e-01
-8.298684453966899133e-01 -5.474620591543984949e-01 1.077202725642058545e-01 5.014140734040292147e-01 5.232611716899988608e-01 -8.306391326401117992e-01 -1.903585499222256727e-01 -2.836679218856036910e-01 1.936907574885553540e-01 -1.016067178552132882e-01 9.757868442186543589e-01 8.173838982298841094e-01
7.351046508875432872e-01 1.584596927893861251e-01 -6.591749980123613462e-01 2.770758737580689135e-01 2.956879686305189173e-02 -9.788695513651975988e-01 -2.023365702540403654e-01 -3.802202258552231373e-02 -6.773085253380284332e-01 1.292475422249490247e-01 -7.242570222878306208e-01 9.600954567019409636e-01
6.428507553928792806e-01 -3.075625286976463313e-01 -7.015327485099429605e-01 4.548832274657840236e-01 -2.650493966594189565e-01 -9.485888451033032132e-01 1.729971684047441061e-01 -1.938790063159974708e-01 -7.186735862832873689e-01 7.472947133956579779e-02 -6.913203182982735617e-01 8.691905316328710773e-01
-9.814693014542873462e-01 -8.760799648528318218e-02 -1.704196269643485917e-01 2.652878722879977724e-01 1.091913389354965402e-01 -9.865435150658736774e-01 -1.216928279848230599e-01 -4.271910292143727556e-02 -1.574651129752448753e-01 -1.380461221233861557e-01 9.778282090236448676e-01 9.632224161960180053e-01
3.631267031017415547e-01 8.794438118458146603e-01 3.077622122687625472e-01 -3.086114428099049900e-01 9.144351151427084767e-01 -2.730156110276981130e-01 -2.987823561208292622e-01 -1.572373002826338642e-02 -1.787384057453830222e-01 3.899244259356875464e-01 -9.033335620745656103e-01 9.510582220247016938e-01
-8.861930562187119165e-01 -1.782523435817036650e-01 4.276540296985038569e-01 -1.666916197892501783e-01 -1.920019552352201231e-01 9.813310572685369770e-01 1.116267109917190581e-02 1.066974343728281927e-01 -4.216599533932423594e-01 -7.221812824939422004e-02 -9.038735672960918066e-01 9.802191394735627616e-01
9.044212472312012085e-01 2.810171630792002856e-02 4.257141072331376286e-01 5.619529991469378316e-02 -3.701954414161036377e-02 9.992340022137757849e-01 1.268708679670083050e-02 1.215050431902540279e-01 -4.250314822554981942e-01 -2.723421304882513161e-02 9.047687752853241783e-01 -9.909987955324830455e-01
2.892278625412775805e-01 8.889949380188211236e-01 3.550144274627650143e-01 -3.289089792787844857e-01 -9.423264343968645873e-01 1.991586020348083685e-01 2.689920858918198321e-01 8.449110363804913926e-02 1.684284256492788456e-01 -4.123394856334443581e-01 8.953256469133747952e-01 -9.405743653511998703e-01
1.330255693681018370e-01 -8.537332898754255162e-01 -5.034318897852773089e-01 3.439528741213288554e-01 -8.348668914794787899e-01 -3.702678400284073468e-01 4.073070097016367463e-01 -9.862332147158846263e-02 -5.341361918141142029e-01 3.661163700234951746e-01 -7.620087481093212878e-01 9.337932645107207552e-01
-3.008911756454099584e-01 8.366605150432443461e-01 4.576720255666670290e-01 -4.522038112251406949e-01 8.251414566947576912e-01 -1.220657350767843582e-02 5.647942775974762464e-01 -1.342661060292965891e-01 4.781276784106688882e-01 5.475857760486244619e-01 -6.866904258884416468e-01 8.817507164075268911e-01
-5.569761438938675147e-01 7.024631685144075433e-02 -8.275524334457149411e-01 9.855870813150324761e-01 -8.235855379924504893e-01 8.185511992060717779e-02 5.612544885811331374e-01 -1.607422652443060151e-01 1.071654643194537293e-01 9.941655769093945549e-01 1.226250160473168344e-02 5.272598324397959751e-02
8.582799974259718301e-01 -8.925145054302162373e-02 5.053608855010837120e-01 -7.578211849681739665e-01 9.799998671824000640e-02 9.951428376920157248e-01 9.313173117004882456e-03 -9.087430162558841895e-02 -5.037374798659498554e-01 4.153204986813332361e-02 8.628578331405778457e-01 6.461028655852674163e-01
9.282470298047974522e-01 -1.753426918925903577e-01 -3.280432777217529017e-01 3.852031162661969099e-01 -1.455095683631066061e-01 -9.828151065837503753e-01 1.135844698255652901e-01 -5.934126005998300452e-02 -3.423220956545938165e-01 -5.770101100182291332e-02 -9.378092429465676449e-01 9.209219152964622790e-01
5.293867356945908265e-02 -9.189329585328090966e-01 3.908448727600817296e-01 4.402063401383962127e-01 8.508546043096578693e-01 -1.633715730064084770e-01 -4.993557564086622547e-01 -5.213492882949106316e-02 5.227274042613050398e-01 3.589873909422867104e-01 7.732296644456214674e-01 8.963817977279003868e-01
-9.079686211759605552e-01 4.189423134559742690e-01 8.962195935153072224e-03 4.466493196213597860e-01 4.177339278213024198e-01 9.066216922982891502e-01 -5.945984023837523613e-02 -5.435116589689182459e-02 -3.303556427262371864e-02 -5.024385584668514260e-02 -9.981904660148024355e-01 8.930567373058807545e-01
9.999015958093834255e-01 2.617315188160995731e-03 -1.378217541079995723e-02 -4.584545869666146745e-01 -2.567390124915917143e-03 9.999900834630153224e-01 3.638884936140895920e-03 5.714755514484126664e-02 1.379156284815902245e-02 -3.603142633565384334e-03 9.998983999173951531e-01 -8.868785422087051007e-01
-3.073917898506202118e-01 -8.594022169007707879e-01 -4.085806127540473343e-01 4.536277065596027724e-01 -7.975080786216802720e-01 -1.572939563350859646e-03 6.033062161077786811e-01 -1.509329617877445961e-01 -5.191253722036597296e-01 5.112977170369241708e-01 -6.848967020560409180e-01 8.783172233808547169e-01
-5.715031187859224149e-01 7.579075633349464658e-01 3.145795776232906960e-01 -4.671678349678962672e-01 7.881412909765960206e-01 4.002108087469712361e-01 4.676158829849988430e-01 -3.131683327301418296e-02 2.285114672739824992e-01 5.151770899426524331e-01 -8.260599707784609391e-01 8.836138692467194744e-01
8.758537101698963268e-01 6.324144939521003650e-02 4.784148800570692250e-01 -3.954321902010277112e-02 -1.974314930454046380e-02 9.952416803665220524e-01 -9.541596154082290782e-02 1.815874930617005778e-01 -4.821726728436248610e-01 7.412500751847737879e-02 8.729347036423860118e-01 -9.825794197891054571e-01
4.387660057784406042e-01 -8.317164556912003404e-01 3.401942526053329252e-01 -4.382765475475571826e-01 -8.170062497036929550e-01 -2.116039679163915499e-01 5.363996166172618763e-01 -7.619100773562079154e-02 -3.741459342533878241e-01 -5.132947477760767541e-01 -7.723621700906597720e-01 8.956051575387584673e-01
-3.669144486560471652e-01 8.515813107211483990e-01 3.744102811060078806e-01 -4.282250823367440007e-01 8.723221112014779566e-01 1.751517512370223961e-01 4.564821993764927588e-01 -4.896156222667698288e-02 3.231530932490431218e-01 4.940962813754574134e-01 -8.071189150642673615e-01 9.023447480215153194e-01
